16.4707
10.8544
64.1721
76.0195
13.4384
45.98
35.9081
48.1083
74.2506
80.4266
52.9215
53.1898
26.4471
26.5124
15.9224
49.2974
27.1381
26.3885
59.2571
27.0553
27.0069
26.13
26.2658
62.7091
27.0604
26.622
26.1548
27.4729
50.6495
26.5338
13.1312
18.5209
53.2934
26.8411
27.3332
27.1127
26.6611
7.43947
32.5958
22.0232
14.1291
22.1074
20.9518
52.928
74.8664
58.9591
79.9246
63.7916
86.1501
54.3146
44.5395
2.16616
92.1442
24.0627
21.5466
8.76873
34.9122
119.443
17.981
26.7211
43.4189
10.1517
96.1922
115.315
52.9474
50.2073
18.007
131.261
26.0573
9.65103
10.1193
26.6685
28.8809
